# 0.537992
Quantity	0	0	1	0	8	Quantity	null	ITEM/0.537992

# 0.920403
Item	0	0	1	0	4	Number	Number	ITEM/0.970668
Number	0	0	1	0	6	Item	null	DES/0.941214

# 0.537992
(1)	0	0	0	0	3	(1)	null	ITEM/0.537992

# 0.263411
Line	0	0	1	1	4	ID	2	DES/0.860121
2	1	1	0	0	1	Line	a	QTY/0.452672
a	0	0	1	0	1	2	Mfgr	DES/0.936214
Mfgr	0	0	1	0	4	a	Code	DES/0.902268
Code	0	0	1	0	4	Mfgr	Description	DES/0.984338
Description	0	0	1	0	11	Code	Lint	DES/0.983448
Lint	0	0	1	0	4	Description	Price	DES/0.983459
Price	0	0	1	0	5	Lint	Total	DES/0.983452
Total	0	0	1	0	5	Price	Carton	DES/0.984020
Carton	0	0	1	0	6	Total	ID	DES/0.926713
ID	0	0	1	0	2	Carton	null	DES/0.925552

# 0.920403
v	0	0	1	0	1	(1)	(1)	ITEM/0.970668
(1)	0	0	0	0	3	v	null	DES/0.941214

# 0.920403
Customer	0	0	1	0	8	Code	Code	ITEM/0.970668
Code	0	0	1	0	4	Customer	null	DES/0.941214

# 0.778026
U	0	0	1	0	1	0	<o	ITEM/0.917989
<o	0	0	0	0	2	U	m	DES/0.988790
m	0	0	1	0	1	<o	0	DES/0.926302
0	0	0	0	0	1	m	null	DES/0.925577

# 0.170743
1	1	1	0	1	1	84247301	1	QTY/0.770871
1	1	1	0	1	1	1	1	QTY/0.689366
1	1	1	0	0	1	1	0	QTY/0.906484
0	0	0	0	1	1	1	925310	DES/0.806486
925310	1	1	0	0	6	0	SCISSQRS	PRICE/0.964186
SCISSQRS	0	0	1	0	8	925310	STRAIGHT	DES/0.929044
STRAIGHT	0	0	1	0	8	SCISSQRS	B"	DES/0.899377
B"	0	0	0	0	2	STRAIGHT	BLUE	DES/0.985502
BLUE	0	0	1	0	4	B"	EACH	DES/0.973704
EACH	0	0	1	1	4	BLUE	7.190	DES/0.886200
7.190	1	1	0	1	5	EACH	7.19	PRICE/0.767492
7.19	1	1	0	1	4	7.190	84247301	PRICE/0.970126
84247301	1	1	0	0	8	7.19	null	PRICE/0.982606

# 0.537992
142490-1005	0	0	0	0	11	142490-1005	null	ITEM/0.537992

# 0.920403
FSK142490100;	0	0	0	0	13	i	i	ITEM/0.970668
i	0	0	1	0	1	FSK142490100;	null	DES/0.941214

# 0.155275
2	1	1	0	1	1	84267801	4	QTY/0.817382
4	1	1	0	1	1	2	4	PRICE/0.782335
4	1	1	0	0	1	4	0	QTY/0.706902
0	0	0	0	1	1	4	916403	DES/0.764994
916403	1	1	0	0	6	0	LABEL	PRICE/0.948843
LABEL	0	0	1	0	5	916403	LSR	DES/0.939076
LSR	0	0	1	0	3	LABEL	ADDR	DES/0.841119
ADDR	0	0	1	0	4	LSR	WHT	DES/0.985534
WHT	0	0	1	0	3	ADDR	7500CT	DES/0.985885
7500CT	0	0	0	0	6	WHT	BOX	DES/0.972084
BOX	0	0	1	1	3	7500CT	49.540	DES/0.881441
49.540	1	1	0	1	6	BOX	198.16	PRICE/0.742981
198.16	1	1	0	1	6	49.540	84267801	PRICE/0.970006
84267801	1	1	0	0	8	198.16	null	PRICE/0.982610

# 0.952496
5960	1	1	0	1	4	84267901	84267901	PRICE/0.960361
84267901	1	1	0	0	8	5960	null	PRICE/0.991864

# 0.537992
AVE5960	0	0	0	0	7	AVE5960	null	ITEM/0.537992

# 0.023971
3	1	1	0	1	1	84251501	5	QTY/0.580795
5	1	1	0	1	1	3	5	PRICE/0.705595
5	1	1	0	0	1	5	0	PRICE/0.330101
0	0	0	0	1	1	5	345652	DES/0.839312
345652	1	1	0	0	6	0	PAPER	PRICE/0.946633
PAPER	0	0	1	0	5	345652	COPY	DES/0.980999
COPY	0	0	1	0	4	PAPER	8.5X11	DES/0.818890
8.5X11	0	0	0	0	6	COPY	500SH	DES/0.991990
500SH	0	0	0	0	5	8.5X11	PINK	DES/0.987952
PINK	0	0	1	0	4	500SH	REAM	DES/0.975854
REAM	0	0	1	1	4	PINK	4.800	DES/0.883198
4.800	1	1	0	1	5	REAM	24.00	PRICE/0.723060
24.00	1	1	0	0	5	4.800	.	PRICE/0.735381
.	0	0	0	1	1	24.00	84251501	DES/0.629788
84251501	1	1	0	0	8	.	null	PRICE/0.962316

# 0.526884
3R05859	0	0	0	1	7	84251401	84251401	DES/0.545491
84251401	1	1	0	0	8	3R05859	null	PRICE/0.970509

# 0.526884
XER3R	0	0	0	1	5	11052	11052	DES/0.545491
11052	1	1	0	0	5	XER3R	null	PRICE/0.970509

# 0.057649
4	1	1	0	1	1	84251401	5	QTY/0.590004
5	1	1	0	1	1	4	5	PRICE/0.696258
5	1	1	0	0	1	5	0	PRICE/0.330586
0	0	0	0	1	1	5	478156	DES/0.874777
478156	1	1	0	0	6	0	PA	PRICE/0.935708
PA	0	0	1	0	2	478156	PER	DES/0.929721
PER	0	0	1	0	3	PA	COPY	DES/0.945455
COPY	0	0	1	0	4	PER	8.5)(11	DES/0.985853
8.5)(11	0	0	0	0	7	COPY	500SH	DES/0.985917
500SH	0	0	0	0	5	8.5)(11	LILAC	DES/0.984830
LILAC	0	0	1	0	5	500SH	REAM	DES/0.969609
REAM	0	0	1	1	4	LILAC	5.300	DES/0.882853
5.300	1	1	0	1	5	REAM	26.50	PRICE/0.742731
26.50	1	1	0	1	5	5.300	84251401	PRICE/0.970005
84251401	1	1	0	0	8	26.50	null	PRICE/0.982610

# 0.537992
3R11230	0	0	0	0	7	3R11230	null	ITEM/0.537992

# 0.109996
5	1	1	0	1	1	84251201	4	PRICE/0.652929
4	1	1	0	1	1	5	4	PRICE/0.649984
4	1	1	0	0	1	4	0	QTY/0.742133
0	0	0	0	1	1	4	345645	DES/0.796040
345645	1	1	0	0	6	0	PAPER	PRICE/0.956010
PAPER	0	0	1	0	5	345645	COPY	DES/0.981017
COPY	0	0	1	0	4	PAPER	8.5X11	DES/0.818881
8.5X11	0	0	0	0	6	COPY	500SH	DES/0.992142
500SH	0	0	0	0	5	8.5X11	GRN	DES/0.988069
GRN	0	0	1	0	3	500SH	REAM	DES/0.976113
REAM	0	0	1	1	4	GRN	4.840	DES/0.883233
4.840	1	1	0	1	5	REAM	19.36	PRICE/0.742633
19.36	1	1	0	1	5	4.840	84251201	PRICE/0.970004
84251201	1	1	0	0	8	19.36	null	PRICE/0.982610

# 0.286231
3	1	1	0	0	1	R05857	R05857	PRICE/0.651969
R05857	0	0	0	0	6	3	null	DES/0.441239

# 0.065047
6	1	1	0	1	1	84251501	5	PRICE/0.692066
5	1	1	0	1	1	6	5	PRICE/0.685037
5	1	1	0	0	1	5	0	PRICE/0.390090
0	0	0	0	1	1	5	345637	DES/0.843548
345637	1	1	0	0	6	0	PAPER	PRICE/0.946819
PAPER	0	0	1	0	5	345637	COPIER	DES/0.982897
COPIER	0	0	1	0	6	PAPER	20#	DES/0.821714
20#	0	0	0	0	3	COPIER	LTR	DES/0.996564
LTR	0	0	1	0	3	20#	BLU	DES/0.994329
BLU	0	0	1	0	3	LTR	500SH	DES/0.987832
500SH	0	0	0	0	5	BLU	REAM	DES/0.935007
REAM	0	0	1	1	4	500SH	4.840	DES/0.883306
4.840	1	1	0	1	5	REAM	24.20	PRICE/0.742731
24.20	1	1	0	1	5	4.840	84251501	PRICE/0.970004
84251501	1	1	0	0	8	24.20	null	PRICE/0.982610

# 0.537992
3R05856	0	0	0	0	7	3R05856	null	ITEM/0.537992

# 0.920403
XE	0	0	1	0	2	R3R11050	R3R11050	ITEM/0.970668
R3R11050	0	0	0	0	8	XE	null	DES/0.941214

# 0.078659
7	1	1	0	1	1	84251501	5	PRICE/0.880484
5	1	1	0	1	1	7	5	PRICE/0.669938
5	1	1	0	0	1	5	0	QTY/0.332497
0	0	0	0	1	1	5	345660	DES/0.871850
345660	1	1	0	0	6	0	PAP	PRICE/0.935808
PAP	0	0	1	0	3	345660	ER	DES/0.931565
ER	0	0	1	0	2	PAP	COPY	DES/0.904255
COPY	0	0	1	0	4	ER	8.5X11	DES/0.984690
8.5X11	0	0	0	0	6	COPY	YEL	DES/0.988452
YEL	0	0	1	0	3	8.5X11	500SH	DES/0.987984
500SH	0	0	0	0	5	YEL	REAM	DES/0.975837
REAM	0	0	1	1	4	500SH	4.800	DES/0.882733
4.800	1	1	0	1	5	REAM	24.00	PRICE/0.742734
24.00	1	1	0	1	5	4.800	84251501	PRICE/0.970005
84251501	1	1	0	0	8	24.00	null	PRICE/0.982610

# 0.590109
3	1	1	0	1	1	84247301	805858	QTY/0.616984
805858	1	1	0	1	6	3	84247301	PRICE/0.970138
84247301	1	1	0	0	8	805858	null	PRICE/0.984049

# 0.537992
XER3R11053	0	0	0	0	10	XER3R11053	null	ITEM/0.537992

# 0.127217
8	1	1	0	1	1	84251201	4	PRICE/0.883875
4	1	1	0	1	1	8	4	PRICE/0.567793
4	1	1	0	0	1	4	0	QTY/0.725169
0	0	0	0	1	1	4	345686	DES/0.797795
345686	1	1	0	0	6	0	PAPER	PRICE/0.956474
PAPER	0	0	1	0	5	345686	CPY	DES/0.963449
CPY	0	0	1	0	3	PAPER	8.5X11	DES/0.794467
8.5X11	0	0	0	0	6	CPY	500SH	DES/0.990529
500SH	0	0	0	0	5	8.5X11	GOLD	DES/0.986871
GOLD	0	0	1	0	4	500SH	ROD	DES/0.987051
ROD	0	0	1	0	3	GOLD	REAM	DES/0.969573
REAM	0	0	1	1	4	ROD	4.800	DES/0.882854
4.800	1	1	0	1	5	REAM	19.20	PRICE/0.742731
19.20	1	1	0	1	5	4.800	84251201	PRICE/0.970005
84251201	1	1	0	0	8	19.20	null	PRICE/0.982610

# 0.537992
3R05861	0	0	0	0	7	3R05861	null	ITEM/0.537992

# 0.537992
XER3R11055	0	0	0	0	10	XER3R11055	null	ITEM/0.537992

# 0.155304
9	1	1	0	1	1	84247301	1	PRICE/0.980182
1	1	1	0	1	1	9	1	QTY/0.871365
1	1	1	0	0	1	1	0	QTY/0.945517
0	0	0	0	1	1	1	708586	DES/0.802754
708586	1	1	0	0	6	0	HIGHLIGHTER	PRICE/0.964492
HIGHLIGHTER	0	0	1	0	11	708586	MAJ	DES/0.928978
MAJ	0	0	1	0	3	HIGHLIGHTER	ACCENT	DES/0.900062
ACCENT	0	0	1	0	6	MAJ	ASTD	DES/0.996038
ASTD	0	0	1	0	4	ACCENT	DZ	DES/0.987908
DZ	0	0	1	0	2	ASTD	DOZ	DES/0.881973
DOZ	0	0	1	1	3	DZ	5	DES/0.849900
5	1	1	0	1	1	DOZ	630	PRICE/0.511858
630	1	1	0	1	3	5	5.63	PRICE/0.888457
5.63	1	1	0	1	4	630	84247301	PRICE/0.948870
84247301	1	1	0	0	8	5.63	null	PRICE/0.982552

# 0.977273
25063	1	1	0	0	5	25063	null	PRICE/0.977273

# 0.286254
10	1	1	0	1	2	84267701	1	PRICE/0.934798
1	1	1	0	1	1	10	1	QTY/0.873878
1	1	1	0	0	1	1	0	QTY/0.942525
0	0	0	0	1	1	1	287154	DES/0.803026
287154	1	1	0	0	6	0	BOX	PRICE/0.964492
BOX	0	0	1	0	3	287154	STORIFI	DES/0.928069
STORIFI	0	0	1	0	7	BOX	LE	DES/0.897147
LE	0	0	1	0	2	STORIFI	LTR/LGL	DES/0.984280
LTR/LGL	0	0	0	0	7	LE	BSC	DES/0.983417
BSC	0	0	1	0	3	LTR/LGL	14PK	DES/0.986657
14PK	0	0	0	0	4	BSC	PACK	DES/0.981014
PACK	0	0	1	1	4	14PK	34.990	DES/0.919559
34.990	1	1	0	1	6	PACK	34.99	PRICE/0.724447
34.99	1	1	0	1	5	34.990	84267701	PRICE/0.969296
84267701	1	1	0	0	8	34.99	null	PRICE/0.982610

# 0.977273
0070317	1	1	0	0	7	0070317	null	PRICE/0.977273

# 0.181961
11	1	1	0	1	2	17.890	2	PRICE/0.893744
2	1	1	0	0	1	11	0	QTY/0.874883
0	0	0	0	1	1	2	2	UM/0.472363
2	1	1	0	1	1	0	198695	PRICE/0.543958
198695	1	1	0	0	6	2	PAPER	PRICE/0.960304
PAPER	0	0	1	0	5	198695	LTR	DES/0.979922
LTR	0	0	1	0	3	PAPER	ASTRO	DES/0.941504
ASTRO	0	0	1	0	5	LTR	65L13	DES/0.991399
65L13	0	0	0	0	5	ASTRO	250RM	DES/0.964380
250RM	0	0	0	0	5	65L13	PNK	DES/0.983723
PNK	0	0	1	0	3	250RM	REAM	DES/0.969980
REAM	0	0	1	1	4	PNK	17.890	DES/0.929758
17.890	1	1	0	0	6	REAM	null	PRICE/0.814798

# 0.977273
98854	1	1	0	0	5	98854	null	PRICE/0.977273

