# 0.496511
Quantity	0	0	1	0	8	Quantity	null	B-DES/0.496511

# 0.959047
Item	0	0	1	0	4	Number	Number	ITEM/0.990560
Number	0	0	1	0	6	Item	null	B-DES/0.965417

# 0.496511
(1)	0	0	0	0	3	(1)	null	B-DES/0.496511

# 0.781278
Line	0	0	1	1	4	ID	2	ITEM/0.944896
2	1	1	0	0	1	Line	a	B-DES/0.937646
a	0	0	1	0	1	2	Mfgr	I-DES/0.980572
Mfgr	0	0	1	0	4	a	Code	I-DES/0.981565
Code	0	0	1	0	4	Mfgr	Description	I-DES/0.998426
Description	0	0	1	0	11	Code	Lint	I-DES/0.998637
Lint	0	0	1	0	4	Description	Price	I-DES/0.998639
Price	0	0	1	0	5	Lint	Total	I-DES/0.998631
Total	0	0	1	0	5	Price	Carton	I-DES/0.998028
Carton	0	0	1	0	6	Total	ID	I-DES/0.990540
ID	0	0	1	0	2	Carton	null	I-DES/0.883036

# 0.959047
v	0	0	1	0	1	(1)	(1)	ITEM/0.990560
(1)	0	0	0	0	3	v	null	B-DES/0.965417

# 0.959047
Customer	0	0	1	0	8	Code	Code	ITEM/0.990560
Code	0	0	1	0	4	Customer	null	B-DES/0.965417

# 0.864920
U	0	0	1	0	1	0	<o	ITEM/0.997493
<o	0	0	0	0	2	U	m	B-DES/0.995961
m	0	0	1	0	1	<o	0	I-DES/0.977767
0	0	0	0	0	1	m	null	I-DES/0.873136

# 0.063648
1	1	1	0	1	1	84247301	1	QTY/0.453726
1	1	1	0	1	1	1	1	QTY/0.948069
1	1	1	0	0	1	1	0	QTY/0.960382
0	0	0	0	1	1	1	925310	UM/0.785200
925310	1	1	0	0	6	0	SCISSQRS	PRICE/0.425800
SCISSQRS	0	0	1	0	8	925310	STRAIGHT	I-DES/0.934287
STRAIGHT	0	0	1	0	8	SCISSQRS	B"	I-DES/0.964644
B"	0	0	0	0	2	STRAIGHT	BLUE	I-DES/0.998234
BLUE	0	0	1	0	4	B"	EACH	I-DES/0.987478
EACH	0	0	1	1	4	BLUE	7.190	I-DES/0.970797
7.190	1	1	0	1	5	EACH	7.19	QTY/0.606131
7.19	1	1	0	1	4	7.190	84247301	PRICE/0.769270
84247301	1	1	0	0	8	7.19	null	PRICE/0.998027

# 0.496511
142490-1005	0	0	0	0	11	142490-1005	null	B-DES/0.496511

# 0.959047
FSK142490100;	0	0	0	0	13	i	i	ITEM/0.990560
i	0	0	1	0	1	FSK142490100;	null	B-DES/0.965417

# 0.077215
2	1	1	0	1	1	84267801	4	ITEM/0.594695
4	1	1	0	1	1	2	4	B-DES/0.379374
4	1	1	0	0	1	4	0	I-DES/0.308131
0	0	0	0	1	1	4	916403	I-DES/0.543748
916403	1	1	0	0	6	0	LABEL	I-DES/0.734274
LABEL	0	0	1	0	5	916403	LSR	I-DES/0.958994
LSR	0	0	1	0	3	LABEL	ADDR	I-DES/0.973327
ADDR	0	0	1	0	4	LSR	WHT	I-DES/0.998378
WHT	0	0	1	0	3	ADDR	7500CT	I-DES/0.998537
7500CT	0	0	0	0	6	WHT	BOX	I-DES/0.986850
BOX	0	0	1	1	3	7500CT	49.540	I-DES/0.970128
49.540	1	1	0	1	6	BOX	198.16	QTY/0.606173
198.16	1	1	0	1	6	49.540	84267801	PRICE/0.769291
84267801	1	1	0	0	8	198.16	null	PRICE/0.998028

# 0.688936
5960	1	1	0	1	4	84267901	84267901	PRICE/0.693570
84267901	1	1	0	0	8	5960	null	PRICE/0.981238

# 0.496511
AVE5960	0	0	0	0	7	AVE5960	null	B-DES/0.496511

# 0.242958
3	1	1	0	1	1	84251501	5	ITEM/0.665528
5	1	1	0	1	1	3	5	B-DES/0.501068
5	1	1	0	0	1	5	0	I-DES/0.450710
0	0	0	0	1	1	5	345652	I-DES/0.675989
345652	1	1	0	0	6	0	PAPER	I-DES/0.808270
PAPER	0	0	1	0	5	345652	COPY	I-DES/0.965780
COPY	0	0	1	0	4	PAPER	8.5X11	I-DES/0.976433
8.5X11	0	0	0	0	6	COPY	500SH	I-DES/0.998511
500SH	0	0	0	0	5	8.5X11	PINK	I-DES/0.998638
PINK	0	0	1	0	4	500SH	REAM	I-DES/0.995946
REAM	0	0	1	1	4	PINK	4.800	I-DES/0.993745
4.800	1	1	0	1	5	REAM	24.00	QTY/0.867846
24.00	1	1	0	0	5	4.800	.	QTY/0.955708
.	0	0	0	1	1	24.00	84251501	UM/0.945429
84251501	1	1	0	0	8	.	null	PRICE/0.999115

# 0.464109
3R05859	0	0	0	1	7	84251401	84251401	ITEM/0.642892
84251401	1	1	0	0	8	3R05859	null	PRICE/0.812608

# 0.464109
XER3R	0	0	0	1	5	11052	11052	ITEM/0.642892
11052	1	1	0	0	5	XER3R	null	PRICE/0.812608

# 0.120660
4	1	1	0	1	1	84251401	5	ITEM/0.669675
5	1	1	0	1	1	4	5	B-DES/0.503468
5	1	1	0	0	1	5	0	I-DES/0.452541
0	0	0	0	1	1	5	478156	I-DES/0.677964
478156	1	1	0	0	6	0	PA	I-DES/0.810632
PA	0	0	1	0	2	478156	PER	I-DES/0.966962
PER	0	0	1	0	3	PA	COPY	I-DES/0.975743
COPY	0	0	1	0	4	PER	8.5)(11	I-DES/0.998391
8.5)(11	0	0	0	0	7	COPY	500SH	I-DES/0.998651
500SH	0	0	0	0	5	8.5)(11	LILAC	I-DES/0.998545
LILAC	0	0	1	0	5	500SH	REAM	I-DES/0.987424
REAM	0	0	1	1	4	LILAC	5.300	I-DES/0.970705
5.300	1	1	0	1	5	REAM	26.50	QTY/0.606477
26.50	1	1	0	1	5	5.300	84251401	PRICE/0.769183
84251401	1	1	0	0	8	26.50	null	PRICE/0.998028

# 0.496511
3R11230	0	0	0	0	7	3R11230	null	B-DES/0.496511

# 0.075605
5	1	1	0	1	1	84251201	4	ITEM/0.610915
4	1	1	0	1	1	5	4	B-DES/0.382808
4	1	1	0	0	1	4	0	I-DES/0.297021
0	0	0	0	1	1	4	345645	I-DES/0.528684
345645	1	1	0	0	6	0	PAPER	I-DES/0.724560
PAPER	0	0	1	0	5	345645	COPY	I-DES/0.956667
COPY	0	0	1	0	4	PAPER	8.5X11	I-DES/0.973639
8.5X11	0	0	0	0	6	COPY	500SH	I-DES/0.998495
500SH	0	0	0	0	5	8.5X11	GRN	I-DES/0.998570
GRN	0	0	1	0	3	500SH	REAM	I-DES/0.987603
REAM	0	0	1	1	4	GRN	4.840	I-DES/0.970858
4.840	1	1	0	1	5	REAM	19.36	QTY/0.606105
19.36	1	1	0	1	5	4.840	84251201	PRICE/0.769271
84251201	1	1	0	0	8	19.36	null	PRICE/0.998027

# 0.493036
3	1	1	0	0	1	R05857	R05857	ITEM/0.710108
R05857	0	0	0	0	6	3	null	B-DES/0.532723

# 0.119438
6	1	1	0	1	1	84251501	5	ITEM/0.666158
5	1	1	0	1	1	6	5	B-DES/0.499605
5	1	1	0	0	1	5	0	I-DES/0.448839
0	0	0	0	1	1	5	345637	I-DES/0.674665
345637	1	1	0	0	6	0	PAPER	I-DES/0.808185
PAPER	0	0	1	0	5	345637	COPIER	I-DES/0.966512
COPIER	0	0	1	0	6	PAPER	20#	I-DES/0.977467
20#	0	0	0	0	3	COPIER	LTR	I-DES/0.998448
LTR	0	0	1	0	3	20#	BLU	I-DES/0.998701
BLU	0	0	1	0	3	LTR	500SH	I-DES/0.998615
500SH	0	0	0	0	5	BLU	REAM	I-DES/0.986820
REAM	0	0	1	1	4	500SH	4.840	I-DES/0.970164
4.840	1	1	0	1	5	REAM	24.20	QTY/0.606188
24.20	1	1	0	1	5	4.840	84251501	PRICE/0.769286
84251501	1	1	0	0	8	24.20	null	PRICE/0.998028

# 0.496511
3R05856	0	0	0	0	7	3R05856	null	B-DES/0.496511

# 0.959047
XE	0	0	1	0	2	R3R11050	R3R11050	ITEM/0.990560
R3R11050	0	0	0	0	8	XE	null	B-DES/0.965417

# 0.121170
7	1	1	0	1	1	84251501	5	ITEM/0.672795
5	1	1	0	1	1	7	5	B-DES/0.504802
5	1	1	0	0	1	5	0	I-DES/0.453472
0	0	0	0	1	1	5	345660	I-DES/0.677946
345660	1	1	0	0	6	0	PAP	I-DES/0.810642
PAP	0	0	1	0	3	345660	ER	I-DES/0.967047
ER	0	0	1	0	2	PAP	COPY	I-DES/0.975907
COPY	0	0	1	0	4	ER	8.5X11	I-DES/0.998361
8.5X11	0	0	0	0	6	COPY	YEL	I-DES/0.998674
YEL	0	0	1	0	3	8.5X11	500SH	I-DES/0.998567
500SH	0	0	0	0	5	YEL	REAM	I-DES/0.987582
REAM	0	0	1	1	4	500SH	4.800	I-DES/0.970834
4.800	1	1	0	1	5	REAM	24.00	QTY/0.606546
24.00	1	1	0	1	5	4.800	84251501	PRICE/0.769158
84251501	1	1	0	0	8	24.00	null	PRICE/0.998028

# 0.369999
3	1	1	0	1	1	84247301	805858	UM/0.376119
805858	1	1	0	1	6	3	84247301	PRICE/0.889794
84247301	1	1	0	0	8	805858	null	PRICE/0.997992

# 0.496511
XER3R11053	0	0	0	0	10	XER3R11053	null	B-DES/0.496511

# 0.073302
8	1	1	0	1	1	84251201	4	ITEM/0.608538
4	1	1	0	1	1	8	4	B-DES/0.378205
4	1	1	0	0	1	4	0	I-DES/0.287221
0	0	0	0	1	1	4	345686	I-DES/0.524904
345686	1	1	0	0	6	0	PAPER	I-DES/0.722804
PAPER	0	0	1	0	5	345686	CPY	I-DES/0.955974
CPY	0	0	1	0	3	PAPER	8.5X11	I-DES/0.973210
8.5X11	0	0	0	0	6	CPY	500SH	I-DES/0.998478
500SH	0	0	0	0	5	8.5X11	GOLD	I-DES/0.998658
GOLD	0	0	1	0	4	500SH	ROD	I-DES/0.998553
ROD	0	0	1	0	3	GOLD	REAM	I-DES/0.987425
REAM	0	0	1	1	4	ROD	4.800	I-DES/0.970706
4.800	1	1	0	1	5	REAM	19.20	QTY/0.606477
19.20	1	1	0	1	5	4.800	84251201	PRICE/0.769183
84251201	1	1	0	0	8	19.20	null	PRICE/0.998028

# 0.496511
3R05861	0	0	0	0	7	3R05861	null	B-DES/0.496511

# 0.496511
XER3R11055	0	0	0	0	10	XER3R11055	null	B-DES/0.496511

# 0.106559
9	1	1	0	1	1	84247301	1	ITEM/0.457180
1	1	1	0	1	1	9	1	QTY/0.913620
1	1	1	0	0	1	1	0	QTY/0.961088
0	0	0	0	1	1	1	708586	UM/0.785222
708586	1	1	0	0	6	0	HIGHLIGHTER	PRICE/0.425602
HIGHLIGHTER	0	0	1	0	11	708586	MAJ	I-DES/0.933877
MAJ	0	0	1	0	3	HIGHLIGHTER	ACCENT	I-DES/0.964851
ACCENT	0	0	1	0	6	MAJ	ASTD	I-DES/0.998809
ASTD	0	0	1	0	4	ACCENT	DZ	I-DES/0.998378
DZ	0	0	1	0	2	ASTD	DOZ	I-DES/0.994085
DOZ	0	0	1	1	3	DZ	5	I-DES/0.989130
5	1	1	0	1	1	DOZ	630	QTY/0.841606
630	1	1	0	1	3	5	5.63	UM/0.786853
5.63	1	1	0	1	4	630	84247301	PRICE/0.964262
84247301	1	1	0	0	8	5.63	null	PRICE/0.998134

# 0.878363
25063	1	1	0	0	5	25063	null	PRICE/0.878363

# 0.056695
10	1	1	0	1	2	84267701	1	ITEM/0.458060
1	1	1	0	1	1	10	1	QTY/0.913447
1	1	1	0	0	1	1	0	QTY/0.961043
0	0	0	0	1	1	1	287154	UM/0.785142
287154	1	1	0	0	6	0	BOX	PRICE/0.425483
BOX	0	0	1	0	3	287154	STORIFI	I-DES/0.934213
STORIFI	0	0	1	0	7	BOX	LE	I-DES/0.964615
LE	0	0	1	0	2	STORIFI	LTR/LGL	I-DES/0.998329
LTR/LGL	0	0	0	0	7	LE	BSC	I-DES/0.998635
BSC	0	0	1	0	3	LTR/LGL	14PK	I-DES/0.998536
14PK	0	0	0	0	4	BSC	PACK	I-DES/0.988079
PACK	0	0	1	1	4	14PK	34.990	I-DES/0.971575
34.990	1	1	0	1	6	PACK	34.99	QTY/0.602256
34.99	1	1	0	1	5	34.990	84267701	PRICE/0.770051
84267701	1	1	0	0	8	34.99	null	PRICE/0.998021

# 0.878363
0070317	1	1	0	0	7	0070317	null	PRICE/0.878363

# 0.159376
11	1	1	0	1	2	17.890	2	ITEM/0.471448
2	1	1	0	0	1	11	0	QTY/0.913494
0	0	0	0	1	1	2	2	UM/0.958077
2	1	1	0	1	1	0	198695	PRICE/0.786537
198695	1	1	0	0	6	2	PAPER	I-DES/0.628456
PAPER	0	0	1	0	5	198695	LTR	I-DES/0.834211
LTR	0	0	1	0	3	PAPER	ASTRO	I-DES/0.948162
ASTRO	0	0	1	0	5	LTR	65L13	I-DES/0.998485
65L13	0	0	0	0	5	ASTRO	250RM	I-DES/0.998627
250RM	0	0	0	0	5	65L13	PNK	I-DES/0.998389
PNK	0	0	1	0	3	250RM	REAM	I-DES/0.973875
REAM	0	0	1	1	4	PNK	17.890	I-DES/0.922722
17.890	1	1	0	0	6	REAM	null	PRICE/0.866432

# 0.878363
98854	1	1	0	0	5	98854	null	PRICE/0.878363

